+17248156933
+16408025895
+18636404732
+16512422762
+19377089639
+12622822562
+17799701202
+13082381148
+13306857506
+15633814650
+19197983020
+18024619892
+19377605465
+15175263299
+16169474157
+13346527467
+12676647552
+13092940549
+12629339139
+19377686964
+17248821244
+13044411710
+17043183734
+15599097415
+17656378557
+17573358751
+18158760590
+12344254925
+19894958211
+15028220537
+18108697405
+18655858937
+19377688747
+17408161030
+17405063717
+17207055613
+13344501396
+13164168124
+19375431625
+16149371402
+19089670461
+13176460433
+19376242492

+15852089161
+14253619729
+14435353729
+14199069055
+19047288223
+16097751388
+13176298248 
+13022229630
+12404900947
+15406866468
+19379711869
+13174402406
+14193338768
+13174680023
+15862923356
+19378251848
+12672010670
+17578105715
+13193256369
+14434873662
+12244247009
+15097749729
+15596996084
+12342054880
+15857494466
+12186399904
+18104989288

+19373525497
+19085284631
+15136013549
+13086278192
+13177579040
+16163078846
+19206060221
+18123149490
+19377603354
+17208105734
+14198894831
+13178641003
+13094454209
+15744003544
+15172135660
+19892594458
+17405013574
+12247608389
+16163899407
+15025004813
+13852351353
+15022598990
+12626761973
+15135358504

+19374505896
+16148673740
+18154093266 
+17408039045
+13128134211
+16146254728
+12158002618
+16166437294
+12176521111
+13175007652
+16102098196
+15157829936
+13174205030
+14357991206
+19376573179
+12607978967
+13173844659
+15154447510
+17408161495
+16107417587
+19363717723
+18653203390
+14847552614
+15086345265
+14193482330
+13139534736
+16164509716

+17404917504
+12403285512

+19108991403
+13309930338
+14402611933
+15185387520
+12629335429
+13045511045

+17409733989
+12674760351
+19372325873
+19312126962
+19375945492
+18149552171
